,Id,prediction_x
0,7113,0.019922365476869187
1,15140,0.018579974989667937
2,3852,0.032699117909527314
3,1870,0.022134328794198757
4,12930,0.017925071275204707
5,10695,0.019051233351704677
6,16050,0.017535399309879414
7,10320,0.029298482399878204
8,12123,0.02095142761909899
9,6404,0.02506618103044398
10,5308,0.03415396609550414
11,11763,0.01991858513677305
12,11061,0.017786303446200635
13,3800,0.017606021853509447
14,10077,0.02953299138698457
15,14010,0.01575177030276626
16,3686,0.02085828384228116
17,9976,0.017471860276917384
18,6724,0.036637506822125035
19,3431,0.02472045960542198
20,14933,0.019600970325309268
21,10950,0.0197430608534363
22,11082,0.0173377357394154
23,11836,0.022294167829260275
24,5327,0.0210300989549408
25,10344,0.03211955980423181
26,12806,0.026748494818066938
27,15258,0.021585678324954
28,3578,0.017944903744934196
29,10465,0.022858601274203794
30,15387,0.018852344464911824
31,636,0.025356655668413434
32,8046,0.021826973784374627
33,2618,0.020975314806276044
34,10235,0.04483460980023414
35,10483,0.018468585283588766
36,15041,0.021166681485267708
37,7688,0.021376393404382063
38,8812,0.02467991435731391
39,10328,0.02049805037985256
40,15990,0.017848476126958415
41,2108,0.02095589908456621
42,2718,0.01951367583423025
43,8269,0.02769112721366218
44,15999,0.016975721674186005
45,3670,0.020065874783321645
46,9313,0.01648983038843793
47,16310,0.019490073527702545
48,15717,0.020148684670014454
49,6587,0.02336683391916721
50,2026,0.027757792197368507
51,14014,0.018421639952260926
52,9110,0.019200907155092234
53,15800,0.021662633636996262
54,12464,0.01671272984255092
55,8754,0.021831749261101287
56,8372,0.03199732497096634
57,302,0.02104577253357536
58,15702,0.01802936670203219
59,10630,0.01637315306555894
60,15438,0.02042925292591271
61,13027,0.018614842390784057
62,7384,0.01866316463389303
63,6905,0.01849110272885969
64,11024,0.02024785400081009
65,3621,0.01975957035502904
66,14314,0.01724570274079772
67,3176,0.02020317600592681
68,8206,0.022077786531512017
69,3863,0.019158386258371192
70,14255,0.020436552259298094
71,15581,0.02114563184024365
72,14574,0.016585986426856474
73,10411,0.018442050542348216
74,2634,0.021930763832131384
75,12199,0.017508383468823333
76,16560,0.02121157138277352
77,11747,0.0192018244796483
78,9487,0.02167764420032372
79,11839,0.014561336074012565
80,14398,0.027475227908329937
81,2226,0.021662789448081005
82,15005,0.020379065024851168
83,14025,0.020252961480095262
84,12808,0.018943075687261154
85,16201,0.021915856726429983
86,100,0.01762096252998152
87,11104,0.018835627708117687
88,2279,0.021840489768375135
89,11830,0.020660662872051122
90,10932,0.019894756023153548
91,1657,0.018307179961099693
92,12220,0.01879536299713571
93,15216,0.022157667731812998
94,11943,0.019151713758102304
95,2697,0.019998640998713513
96,6210,0.019791654014580173
97,9780,0.024252506748275237
98,11675,0.019317610618513538
99,12291,0.020191104945974883
100,1354,0.045882587459912486
101,14016,0.018755369534343685
102,12744,0.020508532004296594
103,11605,0.017736667242861208
104,7049,0.018520156696463286
105,16008,0.023191997829122943
106,8610,0.0226051224860709
107,8084,0.020935394458104644
108,1453,0.020436038796375997
109,1134,0.017074885569339712
110,5457,0.02355780537820364
111,15739,0.020646324413721086
112,599,0.019904117544585376
113,5194,0.019925947880608766
114,719,0.020478905514591847
115,5449,0.0206091629479876
116,5055,0.018134843004070884
117,15224,0.01578439259305129
118,1694,0.019599721726758928
119,14200,0.01670981624608943
120,14806,0.030969674224294565
121,2575,0.01844466521052012
122,2977,0.021216247017484216
123,2184,0.022004692709629188
124,123,0.019808237901853754
125,7982,0.030080878804123794
126,7456,0.02207152035807928
127,6727,0.01905657226626645
128,9612,0.01609606053226456
129,16169,0.01955290985527697
130,15060,0.03351808993618913
131,6223,0.023614018737992317
132,16253,0.01927319099192946
133,7574,0.02241157825793643
134,12406,0.022145105780006502
135,11769,0.018898897552708585
136,5476,0.019784024704422917
137,7644,0.025186802061819048
138,16154,0.02406781784315496
139,1652,0.033459456690871206
140,12109,0.01594527090948604
141,6729,0.033186713780614024
142,9521,0.0311189949776127
143,14179,0.015145624021291978
144,1376,0.02931068228628189
145,6480,0.02672310563396234
146,7645,0.01972198240354002
147,132,0.05127251986707379
148,12216,0.0242383543394787
149,3331,0.02027724544500998
150,323,0.01911043776576442
151,15834,0.018377480021034516
152,11163,0.01980153052156619
153,15442,0.01976212201920192
154,16465,0.03804639024096268
155,12799,0.02043305768723085
156,4623,0.01814612374150247
157,14772,0.019279558325710388
158,6052,0.02221561087660376
159,9239,0.03739427665023287
160,2405,0.02934468321080894
161,5886,0.02045264083744473
162,8675,0.01867527795732031
163,9255,0.03028132532919913
164,2095,0.021761995766994547
165,12254,0.021610125350379723
166,5587,0.015362099135413459
167,12469,0.015367841423277734
168,10985,0.020312685380544277
169,11031,0.02026629461231434
170,5437,0.020535240066205294
171,9437,0.01690556317448285
172,6120,0.020679190435973764
173,5142,0.0189886941931303
174,13757,0.02458175569633928
175,7776,0.017278982096012394
176,13507,0.022246676758832514
177,790,0.01882081777820046
178,3060,0.021379918826124264
179,7501,0.02271911092191336
180,3012,0.028737576641052354
181,7100,0.03041265689835234
182,5077,0.024098422665220044
183,11858,0.02863459359820576
184,5219,0.020275677698073067
185,11085,0.016953194620944488
186,15301,0.0165040911349224
187,12894,0.01769753032254766
188,12795,0.019858341521330324
189,13387,0.018163429660908344
190,5266,0.020933799094849277
191,4888,0.016764673073414657
192,9287,0.016269198339211362
193,14562,0.0215793009620009
194,3265,0.01957191568109739
195,2314,0.017496236606616557
196,4128,0.01989770325636067
197,4512,0.026473585290058887
198,1537,0.016530413375146793
199,10332,0.03137671791776337
200,13537,0.019516239388661063
201,11848,0.025290784066204934
202,11985,0.018198071445933633
203,9645,0.019962500434001124
204,2205,0.03862721585106479
205,11424,0.020772551988916706
206,9702,0.018171438703825295
207,8067,0.026742296973032403
208,2826,0.018230846724255272
209,937,0.019817560010728395
210,10920,0.02074698901453714
211,7847,0.01664610012838669
212,16022,0.01566294022730169
213,9581,0.02752304838265944
214,10556,0.01792159852625802
215,1294,0.020453277561533104
216,13914,0.031096915477979395
217,16498,0.019034992537734555
218,5206,0.019587491864826653
219,16367,0.019780220871077097
220,8232,0.019374191855319092
221,3146,0.024036022521653717
222,9941,0.017970298150663457
223,10095,0.018532158334905888
224,10412,0.01965295999631834
225,16010,0.023064736511494814
226,12142,0.02059185888895234
227,8334,0.02002353990470876
228,16026,0.018893035878128434
229,6632,0.019009807728415984
230,10531,0.01890960690804045
231,14448,0.01967656419415212
232,13058,0.01728854207939485
233,12607,0.019622913850597706
234,2862,0.04302044581061856
235,3091,0.017277103309251397
236,5492,0.018170231227609565
237,10898,0.0218423033984292
238,14392,0.019899711332413614
239,12955,0.019222785477471388
240,12325,0.01703647398822173
241,7537,0.022110567211493043
242,16487,0.02072534383856923
243,14001,0.018252264316306895
244,10593,0.0170408865823716
245,5054,0.020877035365570087
246,9525,0.01551583870139489
247,15440,0.019370213298905786
248,14459,0.019205115001969596
249,9338,0.020003765369967737
250,3887,0.01909085002574192
251,12164,0.02071974624797859
252,12139,0.018297068531748905
253,8981,0.04239695495174298
254,85,0.02075963751596302
255,11476,0.018009394439893283
256,16532,0.01782944737084146
257,9657,0.018168632112563417
258,14720,0.01836341479141212
259,3665,0.030385169317729093
260,14572,0.019358641822905268
261,12679,0.019869587821950065
262,775,0.01638986929506235
263,8455,0.016781294056557382
264,15484,0.015116579097019476
265,5230,0.03489637113128921
266,4271,0.020494045454315962
267,3458,0.019390978094697094
268,1319,0.030171513875699753
269,13357,0.01810671567902575
270,9336,0.021022089869912945
271,13796,0.017314777931337393
272,687,0.016289053372440215
273,13383,0.023036170141635018
274,9268,0.01820115032921687
275,478,0.023894932101646872
276,12580,0.023869334722363304
277,10618,0.020742319862491133
278,4929,0.02367321014562773
279,5834,0.019967174130812147
280,12053,0.021189321582173914
281,14450,0.022800442638331617
282,6705,0.01764218254561589
283,4406,0.02086696050535211
284,247,0.02219973314907413
285,13628,0.016828508487921903
286,3729,0.016564449343465106
287,2869,0.0250318012584428
288,15010,0.01985936284313483
289,1974,0.021766821803602118
290,5245,0.021272111910847224
291,15097,0.017531995490458252
292,15691,0.04267552985950332
293,12657,0.019602175989221336
294,2871,0.020275343545333953
295,12090,0.01740831153086047
296,1204,0.02242521134055829
297,10640,0.018149405182722584
298,14445,0.022428980240018756
299,6802,0.019663473634225378
300,5302,0.02019140603306614
301,14718,0.01702426532492001
302,2360,0.021351636011268563
303,73,0.019569938033549228
304,9229,0.018872398590725207
305,2559,0.01868777377473964
306,3828,0.021226423809513815
307,9584,0.019409371004182854
308,3172,0.02981295172862302
309,391,0.020176785255727733
310,8011,0.019238301146277007
311,4659,0.019654522697228147
312,15318,0.029325267084497335
313,10142,0.019656468962573354
314,6897,0.017636823132626583
315,613,0.020056210420491088
316,10251,0.016075663696432336
317,1113,0.017585578710399064
318,13833,0.020300028607909575
319,5126,0.04884070953740621
320,4690,0.01972207665231747
321,4383,0.02419557631401392
322,5316,0.021316947455207437
323,14613,0.020386587426260882
324,13524,0.02642531536759313
325,16191,0.018396127782488513
326,2745,0.01829257383491818
327,13852,0.01665561535100569
328,9878,0.021687755497845195
329,13445,0.02193564838040716
330,15960,0.018705319752324635
331,1346,0.049232262680323303
332,3617,0.020779885568346847
333,15601,0.020673742807433698
334,2364,0.01792389129821594
335,15193,0.01700844530315749
336,11752,0.027476431324525152
337,16067,0.01977382089120659
338,14924,0.019174470747630026
339,15334,0.01777058585610865
340,8360,0.0220212980784453
341,10362,0.018761417763849743
342,2097,0.01710883215470091
343,7116,0.019404815222117476
344,15633,0.017684577164771557
345,15338,0.014333951202366291
346,2157,0.020580252222143037
347,13267,0.016342741873339242
348,3318,0.022579790996674412
349,6227,0.017007867206742206
350,14339,0.020289044501975165
351,6322,0.03335576731411573
352,8977,0.027870634120967977
353,8014,0.01799664365295132
354,5005,0.020251246983598772
355,12405,0.01862525877868928
356,15130,0.020616207617879037
357,12822,0.020484277714229594
358,13763,0.02154864711866444
359,88,0.023334866444199742
360,10256,0.018276387745656566
361,8591,0.024293864187864965
362,3442,0.017411474331931152
363,9948,0.04511306760376399
364,9171,0.01875983989378449
365,402,0.020017482729945368
366,3286,0.024027399116864703
367,1616,0.019990747502832293
368,15996,0.04553304284929386
369,11688,0.01582130031071471
370,15542,0.038410817153061376
371,15254,0.018117284562718147
372,13324,0.017209796214876283
373,16194,0.017244643863785727
374,10475,0.01674640082274489
375,13063,0.017639622960084065
376,11249,0.021797082849191667
377,7588,0.01967813874926243
378,5300,0.017004689863418916
379,4578,0.016945547761377792
380,4571,0.018872952995414746
381,5557,0.018072383879352033
382,16355,0.021900105923103843
383,11360,0.018644983540691894
384,2637,0.016389229786259278
385,15048,0.015124378831798358
386,1885,0.022865268336504672
387,7606,0.021437414245148473
388,8986,0.021042071473020563
389,255,0.028120349801201747
390,6929,0.02004335532238028
391,48,0.018587456441025538
392,11561,0.02378464691684125
393,3674,0.01945212374011423
394,11327,0.016065866614665778
395,3766,0.021702178295908557
396,8582,0.01844604809094798
397,3664,0.02045536537542907
398,8709,0.019305302923594128
399,1564,0.022084962419696746
400,7961,0.02006017211276915
401,4028,0.024884591533669783
402,9049,0.01738006235227941
403,10359,0.01926744322212178
404,11881,0.022637625815820076
405,4427,0.01743730660794917
406,12628,0.018375995316615417
407,2529,0.01927497637325153
408,10034,0.01856067332594773
409,10084,0.01930992511979311
410,10085,0.04448779885062429
411,6974,0.021358606305508725
412,16161,0.022192577258890435
413,9304,0.019932162911445422
414,9203,0.014547745666163492
415,6751,0.015152810129234136
416,12081,0.01462964472375336
417,446,0.02059614791102681
418,6271,0.020906327243563238
419,14048,0.02036586199507868
420,10806,0.023745317115468585
421,9642,0.026096468550058403
422,8786,0.03354034105018501
423,7690,0.02380042797437964
424,14494,0.024004511902685523
425,6994,0.02109226060295049
426,14145,0.028635358599046777
427,3728,0.034394176901172795
428,4216,0.020669819722421504
429,12683,0.0195267207318338
430,1575,0.01486131789780477
431,11764,0.017165790327085026
432,7249,0.019071970738284233
433,15394,0.01965660112904883
434,9249,0.030913362877178708
435,304,0.019582436271020007
436,9735,0.020928697273046182
437,12518,0.017112565326167072
438,170,0.01993610832719127
439,14296,0.02071016679332585
440,8467,0.04941279764950403
441,5774,0.01781438128439246
442,5065,0.021858454565029398
443,13337,0.024463753849362096
444,3437,0.021989899053994084
445,16086,0.018465145030804746
446,852,0.017307211040129347
447,12065,0.02035678191965347
448,1244,0.02251474434271552
449,9421,0.01987797113195897
450,2118,0.021881427448891166
451,307,0.020214322898981216
452,15217,0.019746546105239085
453,7995,0.0320767230180314
454,1131,0.020933618952684654
455,9826,0.022419016826931846
456,3009,0.019347302349540112
457,7245,0.02365264836213095
458,14898,0.023774487686272
459,2992,0.022372672891087655
460,10356,0.02005139242793699
461,11516,0.022378861092184038
462,7393,0.021771756909558022
463,14421,0.02103148616944269
464,7377,0.020974996515942895
465,5091,0.024092636763779197
466,4539,0.03494624991128209
467,15201,0.02591806364673983
468,147,0.021807152625995183
469,14908,0.01629426250330461
470,9341,0.016215331552680262
471,1454,0.021026499595680093
472,16267,0.018094828637452164
473,10648,0.023752570712966853
474,12026,0.019939825036282787
475,14782,0.019980929074890116
476,6949,0.04685794094525901
477,5326,0.019025282291279727
478,2520,0.019540319063499484
479,6996,0.02060889495379766
480,5532,0.019259409117439744
481,27,0.01596474244574419
482,1170,0.017928141632573794
483,15207,0.02059202407635109
484,9141,0.01957558413898637
485,5276,0.02246896239270236
486,12106,0.02627460706435896
487,1519,0.0207314117819681
488,12804,0.02109430269761389
489,8315,0.015868269818052602
490,604,0.019602904463205076
491,715,0.022685446837282935
492,9005,0.018800320100424907
493,101,0.01796702637831194
494,14194,0.019719091941965965
495,712,0.020989661456057802
496,8670,0.016437055116266506
497,14793,0.02036319601556973
498,10809,0.022525621946198213
499,4377,0.026421112001709227
500,15117,0.022425323297713136
501,14233,0.01818010292856704
502,12983,0.028437203911124018
503,11779,0.02383440308248876
504,6097,0.021689508499768365
505,11420,0.02053928895154153
506,10560,0.021099881346516785
507,336,0.015877111964533355
508,7970,0.03525112692843094
509,16223,0.021061416514669973
510,3585,0.01661991140174793
511,11397,0.019701683706287294
512,6117,0.036719286976567525
513,7412,0.019794821652974467
514,8779,0.021884508526516255
515,8015,0.02377314619845004
516,5136,0.020297622346554287
517,13375,0.020249754071988868
518,8146,0.020119485415719274
519,3834,0.02602911565510199
520,102,0.026363208463780576
521,4180,0.025177219700246084
522,155,0.017887694694426574
523,13051,0.02099218328191752
524,15035,0.019688287143695
525,15816,0.018545208123907468
526,11885,0.02302454003658999
527,15408,0.0677783083777945
528,51,0.02108037320005925
529,16530,0.020187199373934022
530,2578,0.018267038900109354
531,6824,0.01835248712738546
532,10334,0.021384700709681164
533,1158,0.021259867330999646
534,4988,0.022985193074623708
535,15659,0.021218036640307164
536,1771,0.022795031937849403
537,1508,0.023160053125116754
538,14526,0.020928962867621845
539,7725,0.015989553035532237
540,787,0.02238015246755029
541,14687,0.017457729445766207
542,15718,0.01808171136465657
543,2689,0.020886453933118505
544,5757,0.027093894655073055
545,11030,0.019807489377874177
546,5176,0.02241478041748224
547,13389,0.021162241565953154
548,5843,0.020711499734962165
549,9972,0.024492961030151025
550,13645,0.03232396173160026
551,6507,0.01985816606130819
552,10498,0.01996121294787485
553,6453,0.02320797157383528
554,16535,0.026322155467268717
555,8704,0.014230464461949754
556,1542,0.025447044619630373
557,15480,0.019503943895636873
558,4121,0.021492629956128467
559,9729,0.0226877623787362
560,1029,0.02083343933297422
561,12981,0.020636108682656272
562,10194,0.018502370539204276
563,6776,0.020264920119934964
564,3395,0.01902920205458227
565,13906,0.02289881937273614
566,2638,0.018027611017326004
567,14052,0.01887688900996164
568,8143,0.02105911866619383
569,4557,0.026671052813077082
570,7542,0.01714151560317733
571,8035,0.020648051661529207
572,11205,0.02380839556455313
573,1939,0.019509033153432692
574,6816,0.02022346345172696
575,12996,0.020071242230504136
576,4725,0.01969601728545403
577,2727,0.019385327790812798
578,7591,0.022827357806541305
579,4745,0.025622525621552455
580,14063,0.01942263066836846
581,332,0.0374745921335158
582,15903,0.017443080670409186
583,14843,0.017598127332542783
584,12773,0.018105786334543433
585,14838,0.016096996131347106
586,16549,0.016910492668074796
587,209,0.01754409673634689
588,16180,0.020184470339893214
589,12887,0.018888800107667997
590,7736,0.01853818826939309
591,16274,0.024203299176712427
592,15871,0.0220273760059547
593,4937,0.03190508964324634
594,4138,0.01660578321488734
595,11525,0.02412293793850779
596,927,0.020121365640288075
597,4919,0.017898278284066933
598,10871,0.017177873297450415
599,6721,0.018856522958296474
600,13120,0.01760371365461439
601,4647,0.016954820213377027
602,5384,0.0226990602880593
603,1428,0.03758095420044108
604,4296,0.021024279652168812
605,5220,0.018661167211134134
606,538,0.025802562448941687
607,5859,0.025564135628749776
608,871,0.022310756256153995
609,13298,0.02053634476053893
610,7235,0.015763716101340045
611,4554,0.020302520657756007
612,8473,0.022188040922302116
613,1858,0.021303116310269217
614,14500,0.022903665310448067
615,5431,0.018276177719928018
616,10230,0.024048103679496946
617,5137,0.020991502360425882
618,15864,0.021904493735193716
619,5042,0.016242661719347146
620,16295,0.014828714892754499
621,1393,0.024521900530243574
622,9245,0.019793784483328747
623,12669,0.016728937048360905
624,1036,0.042060457601855755
625,5394,0.022867392407507348
626,10497,0.021498187793160792
627,4285,0.015884007935367067
628,3314,0.018109399986702718
629,9561,0.017451752506846975
630,7875,0.017957915910872483
631,6405,0.021432472088984543
632,5014,0.017819313880156645
633,16300,0.018299525573785703
634,12771,0.015422899112416868
635,633,0.02051161768076476
636,13339,0.025734437836026886
637,14857,0.019900445426902266
638,7752,0.018431290086377713
639,9420,0.018405417718981677
640,1320,0.023570249493314144
641,10625,0.02205885462819568
642,1620,0.022873257890015538
643,5672,0.020664715090318905
644,7709,0.020993853287378232
645,14675,0.03450319579777882
646,4137,0.021699040135685313
647,12449,0.019757776436865982
648,36,0.020817433440503914
649,2527,0.01542843221484805
650,12218,0.020750815855256153
651,14584,0.019113240855175732
652,11184,0.021474246545544688
653,10148,0.019007654098381243
654,24,0.016199712259289244
655,4577,0.021133544333074423
656,9481,0.01787144147029621
657,11913,0.021907742587924522
658,14044,0.01705873636428553
659,5911,0.01831399408616415
660,16012,0.018070476946129364
661,13496,0.022068740497161964
662,10655,0.019426326614605725
663,12719,0.01873132712338314
664,13693,0.016790440646235104
665,16402,0.0176070932044753
666,10619,0.019151096318204726
667,5588,0.01992014456259619
668,8948,0.021499904267702423
669,12303,0.02058301462878347
670,14346,0.01875787562775131
671,12552,0.038357555152840894
672,4452,0.017312163279792077
673,6794,0.02155105757138472
674,10790,0.018508380567006138
675,12173,0.02460841160912841
676,7485,0.020498753461010693
677,723,0.020704849488762462
678,14927,0.030583461591667423
679,3037,0.017288558161537744
680,5593,0.017644613463490756
681,6412,0.020814090638027024
682,3987,0.01862759781627596
683,15168,0.019913508645388534
684,383,0.02023525183093882
685,10857,0.018065008913209706
686,15534,0.01822788846495734
687,7601,0.020929829436855125
688,8286,0.01742686728977011
689,6462,0.02091477751551278
690,5921,0.04047255994797552
691,7075,0.017094983661081257
692,8047,0.02009590785726257
693,4288,0.026220455651644076
694,3610,0.027594054118624055
695,7638,0.058149800636895864
696,10568,0.01821945157260217
697,9080,0.01714119267149772
698,9191,0.030799314190327033
699,2031,0.01873958759653653
700,16507,0.018535265117610066
701,2825,0.019438650056710725
702,11590,0.02015987084433975
703,14226,0.025025264546969732
704,12413,0.019795411164339242
705,11373,0.02071417768069977
706,11703,0.040411370372810666
707,14650,0.01820799103705865
708,5169,0.018110896885124086
709,2440,0.019075941287815035
710,13039,0.03936805202852687
711,15707,0.020425840406640604
712,6625,0.018242780163031647
713,2000,0.022624059688449
714,5451,0.01721520930159467
715,1676,0.018352946437687694
716,241,0.02985981922653617
717,7622,0.018104754737395666
718,46,0.01987783959322544
719,13867,0.019332521468611273
720,8033,0.019271790690721373
721,6295,0.021833952548593653
722,2636,0.018841629540515464
723,893,0.018371347058830475
724,3558,0.019205963261021218
725,13167,0.016010451869167424
726,7356,0.018945633480673393
727,2569,0.022322893629923075
728,2307,0.01726214152063929
729,45,0.020922438738089407
730,9911,0.019729524235277494
731,3164,0.015109922964744744
732,173,0.021192686399546114
733,10371,0.027748398631577343
734,7780,0.018161599639952328
735,15396,0.02875166322338971
736,10818,0.029326197290722812
737,5994,0.025494542187609114
738,5725,0.02643955211995294
739,12416,0.023839897386699817
740,11501,0.020518672951827074
741,14852,0.019442747975313972
742,524,0.057344716653949
743,4838,0.021373922887792187
744,4415,0.014231592090505837
745,6259,0.018610764625151807
746,7613,0.021099191976796456
747,7683,0.02181123478417036
748,7451,0.025248564747202704
749,12718,0.022471507720168468
750,12154,0.016497059820637334
751,6114,0.018267100324200744
752,12621,0.02309015873087505
753,16291,0.021680043652965168
754,4144,0.022210943894393688
755,6505,0.01896708743933513
756,4372,0.01790061912349545
757,8895,0.023080892092933205
758,1991,0.018355177965860062
759,11585,0.01854937479352048
760,4897,0.021413100263282307
761,8096,0.021059224257240626
762,14408,0.01761430546691044
763,10006,0.02709413802219121
764,5787,0.017495084328802833
765,15132,0.01609526453406806
766,8280,0.01706261995037216
767,2546,0.01846242701119142
768,10626,0.019199241607689977
769,5484,0.01902830884649505
770,7106,0.01960874660576109
771,14262,0.019166179724403612
772,13643,0.017878376915152375
773,11974,0.027312828315781034
774,3937,0.021016082042408207
775,8426,0.036327759583076845
776,13592,0.019011438614291092
777,213,0.02276191650849733
778,9565,0.01697269389789113
779,12098,0.021760528410148892
780,8965,0.02236260842447195
781,2007,0.049299314172727884
782,16569,0.0197803438415399
783,12299,0.029450976438078865
784,4616,0.019521904446618457
785,9587,0.0197843494082811
786,9988,0.022972235657335298
787,7152,0.019332596161812366
788,10811,0.017604918205127856
789,15824,0.01864058609130389
790,7928,0.01809345072916537
791,3725,0.023009550806806237
792,8778,0.024251602793834856
793,4399,0.018552708825777784
794,357,0.01860451582244084
795,7979,0.019687280657691267
796,16441,0.030989586940309767
797,15081,0.029595923804852868
798,2964,0.021706634178792865
799,3885,0.019832960932310496
800,529,0.018117837776668262
801,1693,0.017272905365044562
802,6029,0.02032645466931745
803,7509,0.01601694609691277
804,15698,0.02211870134607168
805,10037,0.01899429565558099
806,2725,0.02071866778936356
807,4276,0.026717065396708938
808,14076,0.030092168794062513
809,4060,0.016753940028694406
810,10203,0.018519519676016352
811,11890,0.018511303960325996
812,5852,0.019842408671388513
813,3528,0.02033483797106923
814,9311,0.02064072099598057
815,1331,0.026023306972591333
816,1218,0.019835320225978757
817,4525,0.0181301153327156
818,12672,0.018543401145925602
819,11390,0.022231126324248607
820,9532,0.04312024530273544
821,7466,0.018367001335416973
822,262,0.02071273592506688
823,1196,0.012517449045450622
824,8202,0.01976743231554252
825,4996,0.015039346254906171
826,14850,0.018754015125958673
827,11148,0.0190095277447418
828,12258,0.01904377934493815
829,13352,0.019415502123580532
830,11899,0.017225788009055026
831,4305,0.018357802345273413
832,12872,0.01865940625445648
833,1271,0.019114991900899915
834,11757,0.050600229739340606
835,5750,0.016806688570905955
836,14332,0.02013409492051265
837,10677,0.02101153686284602
838,8678,0.015826531136548767
839,11604,0.02140191760565076
840,10325,0.01857505145916489
841,17,0.020755403720412624
842,16107,0.01493429795205093
843,8241,0.03176778461028705
844,4852,0.015545689904053445
845,15988,0.02628412279509534
846,2693,0.015032732137440993
847,11434,0.021907638302996326
848,750,0.017777710426461202
849,8338,0.020209076642297718
850,1715,0.019958404109023508
851,4963,0.019902742581734315
852,14007,0.01744869865275836
853,7060,0.01683304527940834
854,11290,0.01937482771770842
855,389,0.016584170225209454
856,7647,0.019767930607683924
857,10783,0.015506230941919627
858,15865,0.018349330543533965
859,9020,0.02281165873090103
860,7892,0.017904999132341705
861,2817,0.020419792487599255
862,15857,0.02155180201593438
863,4075,0.019494688298716617
864,15740,0.018915548446006226
865,12584,0.0223480576733459
866,12009,0.021529789098837515
867,14864,0.02130902773987425
868,15449,0.0515260503954213
869,12378,0.02227866262847137
870,4520,0.0181097111319323
871,3999,0.02116100421970168
872,319,0.02041839859016697
873,1265,0.018312064506727333
874,10612,0.016107904754101968
875,13646,0.01629740901952295
876,7344,0.020218296691513805
877,722,0.01743968752080216
878,14545,0.01683630825234022
879,14388,0.024837784299002793
880,695,0.018834967894663802
881,13183,0.015792999750024787
882,10980,0.016968495696855965
883,6919,0.034101850710327744
884,1987,0.020449972121286127
885,1027,0.02227653345048921
886,1503,0.021051712552688197
887,1493,0.020894740940012875
888,2289,0.016954914597664173
889,7843,0.019681962458165576
890,5704,0.020831913723337245
891,14177,0.04386852795094936
892,12966,0.01839410461686912
893,16512,0.018951597798459167
894,5312,0.019415425607473873
895,3074,0.03317503492623822
896,14013,0.01810694082046428
897,1298,0.019187803542256625
898,2646,0.01990769687544675
899,16186,0.02024968411136558
900,4412,0.01937900311451561
901,16376,0.017669146212105764
902,8672,0.018480553832654387
903,15686,0.021316998781559234
904,1369,0.0239272193274848
905,10378,0.019714520510637924
906,11411,0.023236564552196384
907,2362,0.022657899260327508
908,5448,0.015281595896400725
909,11431,0.020981749094907343
910,57,0.017154975135542323
911,13254,0.019910117296273313
912,9599,0.017512848199440594
913,8009,0.019294227060272715
914,1355,0.018714751607467307
915,12134,0.02215014890122914
916,7063,0.02170281104393801
917,15881,0.03766665513798092
918,3988,0.0203859704069291
919,1088,0.01933720879448975
920,12599,0.013871010954601633
921,3253,0.020153662605752697
922,10270,0.031000206387684567
923,1094,0.01726739352559436
924,5344,0.02670523505148784
925,12474,0.044307963819039196
926,5649,0.03439249105993059
927,1713,0.017090680110383578
928,5157,0.017579712580697626
929,11736,0.020254698457284462
930,2274,0.015992014850823646
931,2846,0.019419950388291685
932,6400,0.020348072006645793
933,3557,0.019587656337345702
934,3922,0.022220246636429276
935,6283,0.016534641753187
936,6040,0.01857593191164765
937,2896,0.021564077145035065
938,14430,0.018906320304128064
939,11189,0.027079534189371778
940,10826,0.02153489264255429
941,8873,0.03022561532171495
942,3650,0.02143383954847125
943,2905,0.02079916762206142
944,13062,0.020908286483420614
945,10116,0.018458070706291314
946,10070,0.018606827392561993
947,1968,0.019139182698442662
948,11852,0.017175584759374467
949,1007,0.0304339051217455
950,3913,0.019134047838103605
951,1894,0.017077278572924855
952,7124,0.019731069274802303
953,1938,0.023723058260675202
954,14102,0.018242636808648367
955,5371,0.019464921125431044
956,3993,0.02071757817241809
957,13806,0.020223982992154384
958,14301,0.023698101033789564
959,7432,0.018644014335531645
960,2704,0.04051917681221012
961,14758,0.018193824444546893
962,1983,0.019446844562412365
963,2301,0.017570964924356065
964,12989,0.022795959951004748
965,8048,0.017190658295933407
966,16362,0.026476785456548954
967,11563,0.01874760911655908
968,4949,0.015938769741507222
969,14713,0.020325207019972133
970,12978,0.026681482745673855
971,4665,0.02268819865401955
972,1032,0.017698293936156125
973,6707,0.017392054347281225
974,12280,0.02098246524353292
975,7782,0.019292531807138705
976,3856,0.019886588155412825
977,4089,0.017925087446128307
978,13848,0.019244014368253046
979,3401,0.019801930043855463
980,3756,0.019143602334713322
981,13179,0.01818381828113872
982,3883,0.0318123347891134
983,1005,0.018261283303056784
984,11070,0.01699591107818124
985,13108,0.01897784849357559
986,6008,0.01900159606628584
987,8883,0.02425506060907866
988,2898,0.02077046352836702
989,14251,0.018897829643003027
990,12038,0.017924887587764716
991,15927,0.01920732269376716
992,4780,0.0149259870059437
993,11878,0.033433810873812086
994,16458,0.020537460893342886
995,6895,0.02757741742429364
996,8853,0.019468749206196928
997,11276,0.01828530844480907
998,3998,0.01738123659667991
999,12699,0.017679140659674106
